963     

Si	14.5366964035		14.5406029264		20.0119125987
Si	14.5358935115		14.5398291329		25.4679062594
Si	14.5387861885		20.0110707459		14.5382991027
Si	14.6325986156		20.0012461143		20.0010729132
Si	14.5444800001		19.996361116		25.4615379256
Si	14.538032773		25.4657516998		14.5368697569
Si	14.5419208987		25.4648197135		19.9903143685
Si	20.0086361402		14.5384956583		14.5373049666
Si	20.00035645		14.6305599231		19.999474222
Si	19.9921764287		14.5382716515		25.4619365757
Si	20.0007172689		20.0007068045		14.6293558636
Si	20.0023189441		20.0005374729		19.9992441023
Si	20.0044896511		20.0005652703		25.3694447625
Si	19.9924075618		25.4630935243		14.5375779503
Si	20.0036166249		25.3710542998		19.9994297065
Si	20.0159980334		25.4634431561		25.461765722
Si	25.4636385429		14.535753484		14.5337147741
Si	25.4631391142		14.5370711111		19.9882529377
Si	25.4627664809		19.9903152212		14.5360378415
Si	25.3722153293		19.999254971		19.9979907403
Si	25.4660180914		20.0082643342		25.4599536819
Si	25.4652058491		25.4616330918		20.0078129017
Si	25.4689038972		25.463369545		25.4622846794
Si	14.5878610401		11.8359148656		22.7547710855
Si	14.5093415953		17.2823032526		17.2819492168
Si	14.5741154822		17.2535996899		22.7524105007
Si	14.5929810551		17.2535649139		28.1699723221
Si	14.5910651558		22.754798124		11.8319129395
Si	14.5783953775		22.7485808603		17.2536215845
Si	14.5145431731		22.7235551975		22.7184951685
Si	14.593281288		28.1711391928		17.2476885774
Si	20.0837518823		11.8264049597		17.3530024051
Si	19.9147006274		11.8264932375		22.6458318555
Si	20.084359899		17.3546402319		11.8250004612
Si	19.9950166845		17.2707005726		17.2702444642
Si	20.0069722062		17.2706221256		22.7294416335
Si	19.9188608175		17.3540816281		28.173686271
Si	19.9160916116		22.6473480908		11.825476517
Si	20.0072228116		22.730219139		17.2698031733
Si	19.9987380916		22.7299898228		22.7289438841
Si	20.0908932879		22.646578486		28.1737678794
Si	19.9182355742		28.1752290537		17.3536403363
Si	20.0894318278		28.175029771		22.6462550123
Si	25.4095997998		11.8308856483		17.2447776373
Si	25.409416217		17.2470113727		11.829473611
Si	25.4252674743		17.2520973526		17.2504595454
Si	25.4930902562		17.2795102997		22.7172196118
Si	25.4925209523		22.7189288863		17.2787859322
Si	25.4277705797		22.7465484319		22.7454225347
Si	25.4154302621		22.7516505747		28.166786139
Si	25.4144207998		28.1682122974		22.7513829144
Si	11.826629811		17.3587102289		20.0874796316
Si	11.8301935667		17.2588183393		25.4159299524
Si	11.833197657		22.7553185454		14.5908424988
Si	11.8290406652		22.6503624812		19.9149714853
Si	17.3523114687		11.8276947211		20.0850436402
Si	17.2462619769		11.834411227		25.4103651852
Si	17.2804807274		17.2816567317		14.5092756458
Si	17.2699375465		17.2710703491		19.9966926391
Si	17.2552171484		17.2549819434		25.424772685
Si	17.2541542109		22.7486254197		14.5757973441
Si	17.2737282013		22.7311025228		20.0049559642
Si	17.287511424		22.7223700298		25.4902522384
Si	17.2494055209		28.1704026883		14.5905951042
Si	17.3574724039		28.175721926		19.9157037393
Si	22.7518831812		11.8316805313		14.5884358345
Si	22.6461280143		11.8256619408		19.913860951
Si	22.7472809831		17.2530239045		14.5745783294
Si	22.73104627		17.2700979195		20.0038182397
Si	22.7225225429		17.2798708727		25.4894116368
Si	22.7207562592		22.7197206933		14.5081707422
Si	22.7324276113		22.7295634941		19.9936213899
Si	22.7522677621		22.7471896722		25.4230784913
Si	22.6501351678		28.1745814163		20.0839919654
Si	22.7587367533		28.1689044465		25.4087868993
Si	28.1691825075		17.2464917005		14.5871563095
Si	28.1759104513		17.3525036689		19.9123632792
Si	28.1767552215		22.6452231083		20.082131922
Si	28.1729064182		22.7513878606		25.4072618507
Si	11.8280072892		14.5975341773		22.7571967778
Si	11.8275923275		20.0876869593		17.3544999146
Si	11.830643606		19.9225822294		22.646890279
Si	11.8345547832		25.4126449798		17.2472916324
Si	17.2796670609		14.510584725		17.2812699686
Si	17.2529718023		14.5773061188		22.7481791895
Si	17.2483271218		14.5932345471		28.1691488608
Si	17.3539815426		20.0861693366		11.8256834482
Si	17.2720088621		19.9959212071		17.2703456118
Si	17.2737593251		20.005982557		22.7288315862
Si	17.3591917519		19.9175633708		28.1743080736
Si	17.2484000424		25.4114474221		11.831702861
Si	17.2554685505		25.4258737062		17.2526290188
Si	17.2857067217		25.4925053799		22.719168206
Si	22.7517485761		14.5907125897		11.8299870913
Si	22.7474730198		14.5756295632		17.2512473563
Si	22.7206749419		14.5088220773		22.7180891092
Si	22.6464520052		19.9157718028		11.824746563
Si	22.7309300547		20.0050886767		17.2692025326
Si	22.7327044885		19.9944907648		22.7282762272
Si	22.6515776337		20.0841076016		28.1727468747
Si	22.7218892848		25.4909255271		17.2796177896
Si	22.7514494264		25.424208561		22.7461464535
Si	22.7594335635		25.4095480888		28.1681152868
Si	28.1693696069		14.5891530712		17.2440049445
Si	28.1755976878		19.9143706834		17.3509776494
Si	28.1771040443		20.0833871291		22.6435184883
Si	28.1725418273		25.4086999219		22.7504679083
Si	13.1421711989		15.9467054262		18.6915464342
Si	13.2222055074		15.8849943428		24.1280172972
Si	13.1876938852		21.3899098266		13.1872313446
Si	13.3082973689		21.364917367		18.6380649553
Si	13.1485249157		21.3175890112		24.0570673504
Si	13.1899399459		26.8159547241		18.6123997707
Si	19.1435533517		10.6033336888		19.1448212954
Si	18.1270488213		10.6009788915		23.5882992509
Si	18.6882270913		15.944340413		13.1421923003
Si	18.6220064606		15.9225323027		18.6232093408
Si	18.6399778317		15.9098631231		24.0915401692
Si	18.1318069391		16.4140839048		29.4019198963
Si	18.6376668781		21.3642620089		13.3055106571
Si	18.637627659		21.3655133716		18.6349299125
Si	18.6266529759		21.3778687412		24.0779047098
Si	19.1512244692		20.8554724502		29.3979963268
Si	18.6136609389		26.8147262965		13.1868747671
Si	18.63989876		26.6953535143		18.6369238081
Si	18.694062785		26.8582348334		24.0568690393
Si	23.5875505056		10.5985171944		18.1268631727
Si	24.119075687		15.8806324657		13.225113893
Si	24.0920393125		15.9085198636		18.6367567409
Si	24.0817912708		15.9196227767		24.0776163114
Si	24.0575101904		21.3115578006		13.1411595172
Si	24.0805437009		21.3770968431		18.6209656934
Si	24.09489567		21.3606593092		24.089482142
Si	23.5939035419		21.8703116857		29.400073728
Si	24.0596234875		26.8571730771		18.6875719609
Si	24.1243037597		26.7728109973		24.1181622963
Si	29.402696933		16.4107413592		18.1254476462
Si	29.4000280997		20.8537398882		19.1420362143
Si	29.404989659		21.8696896488		23.5850516772
Si	10.5984697344		16.4214577479		21.8756631175
Si	10.6003653645		21.8742118097		16.4127527018
Si	10.6049286325		20.8604174995		20.8557357166
Si	16.409339096		10.6024917232		21.8722557912
Si	15.9201085536		15.9221695635		15.921203076
Si	15.9074289452		15.9109676359		21.3646121533
Si	15.8817098056		15.8848997503		26.7747360971
Si	16.4124410718		21.8730215777		10.5986398816
Si	15.9105215634		21.3626444138		15.9090476693
Si	15.9250504818		21.3792588139		21.3772973017
Si	15.9503226671		21.3155645103		26.8575154119
Si	15.8827893361		26.7750948012		15.8809361068
Si	15.9476013757		26.8590217333		21.3118202534
Si	21.8701719658		10.5989966114		16.4104926307
Si	20.8541491202		10.6026402802		20.854154787
Si	21.8704593231		16.4126848677		10.597151264
Si	21.3612649532		15.9092319096		15.9081011137
Si	21.3787524525		15.9215820789		21.3766596861
Si	21.3141785876		15.9431114038		26.8564265362
Si	20.8551292759		20.8559149358		10.6013340928
Si	21.3789049267		21.3778371611		15.9205649175
Si	21.3677820614		21.3647163396		21.3636854702
Si	21.3684332404		21.3632354194		26.6933060834
Si	21.3135758919		26.857892104		15.9430127357
Si	21.3671513303		26.6947342073		21.3626822689
Si	21.3948632039		26.8139144492		26.8132274887
Si	26.7738922618		15.8797463666		15.8776122653
Si	26.8590989396		15.9421479993		21.3086535623
Si	26.8585728264		21.3108000941		15.9410751953
Si	26.6969709287		21.3621719959		21.3608650781
Si	26.8179211965		21.3864509628		26.8109014805
Si	26.8170784187		26.8125496918		21.3860726734
Si	10.6038042965		19.1496385305		19.1466411923
Si	10.6012680558		18.1395811413		23.59086599
Si	10.6007720907		23.5917166142		18.1288433115
Si	15.9414875691		13.1450725488		18.6900385231
Si	15.8790177672		13.2305738915		24.1213486779
Si	15.9436213142		18.6901285152		13.1427137803
Si	15.9230821703		18.6237783351		18.6228000936
Si	15.9116790836		18.6405361264		24.0909721402
Si	16.4162549579		18.1322739103		29.4025504211
Si	15.88182178		24.1212312229		13.2271763705
Si	15.9121249219		24.092717126		18.6386521864
Si	15.9262172445		24.0820230311		24.0794887318
Si	16.4153319985		29.4031799571		18.1295753756
Si	21.3868041173		13.187319588		13.1854894693
Si	21.3630498636		13.3061343213		18.6357817711
Si	21.3120251107		13.1426844271		24.0556750499
Si	21.3633133047		18.6374608268		13.3048248642
Si	21.3660112154		18.635383187		18.6343625442
Si	21.3807384772		18.6222763639		24.0775088905
Si	20.8603938129		19.144766825		29.3969410207
Si	21.3126599253		24.0574747288		13.142078386
Si	21.3801296634		24.0788172267		18.6217167457
Si	21.366052326		24.0910504247		24.0902792096
Si	21.8777336255		23.5877537776		29.4008831346
Si	20.8586122963		29.3985754613		19.1449144391
Si	21.8763513888		29.4019238331		23.5874992221
Si	26.8139699362		13.1858444839		18.6091484094
Si	26.8134917851		18.61165879		13.1843486397
Si	26.695782947		18.6359606675		18.6343736987
Si	26.8604305194		18.687291298		24.054074374
Si	26.8596691827		24.0559321119		18.6865478901
Si	26.7773846864		24.1185408442		24.1175253177
Si	13.1834702213		13.1932383414		21.3924861386
Si	13.1436142426		18.6906342826		15.9442061198
Si	13.3084344405		18.6395816644		21.3657488244
Si	13.1924398162		18.6218914745		26.8152241151
Si	13.2294412783		24.1209682341		15.8814597836
Si	13.146622098		24.0602576248		21.3109927254
Si	18.6873728555		13.1437867792		15.9432516198
Si	18.636579681		13.3071400046		21.3630691947
Si	18.6122798188		13.1887111862		26.8135683243
Si	19.1448981979		19.1462835244		10.6014560269
Si	18.6232886247		18.6232401079		15.921110389
Si	18.6378605305		18.6357373335		21.363848613
Si	18.6409651136		18.6381458665		26.6939967903
Si	18.1295367415		23.5895911546		10.5985947816
Si	18.6406232192		24.0921068632		15.9087348958
Si	18.6266095746		24.0795601588		21.3771131417
Si	18.6958322539		24.0585920739		26.857360751
Si	18.1316791122		29.4028628213		16.4123493405
Si	19.1492203097		29.398857521		20.8552758821
Si	24.1193391289		13.2266367739		15.8784184622
Si	24.057482272		13.142178821		21.3094385195
Si	23.5876416562		18.1291826336		10.5970535869
Si	24.0918784422		18.6385366612		15.9073616893
Si	24.0808278808		18.6218442653		21.3757386222
Si	24.0608572295		18.6875079771		26.8553513147
Si	24.0812850633		24.0794244714		15.9192342586
Si	24.0944450157		24.0906899977		21.3599605713
Si	24.1250724236		24.1189641293		26.7720043001
Si	23.592753857		29.4016055039		21.8702550884
Si	29.4025038654		18.1277753225		16.4087798567
Si	29.4002620787		19.1436376253		20.8518018381
Si	29.4047358688		23.5866948529		21.8683666767
C	12.407925718313436		30.00948131229518		16.93411074092256
C	13.542767096918283		29.289914486595418		16.196802391208127
C	11.635352882415939		30.936271046465954		15.993956965857562
H	12.812961938323772		30.595953097658203		17.769036214754113
H	11.719914335290987		29.272695904703422		17.368405164662242
C	10.478451071776155		31.616575188849687		16.708403731259942
H	11.245840694123986		30.365735252613735		15.1427613932625
H	12.309310353505513		31.701265727741152		15.591247382431481
H	9.760372123803778		30.879007272720422		17.08077037594716
H	10.83426868608562		32.20917120071994		17.55726209074201
H	14.198727085311166		30.033471409941377		15.728817972266746
H	13.116228895164209		28.692180576572923		15.382319806831013
H	9.951215159013115		32.287152185360135		16.022652576872325
C	17.843456667766297		9.008560131017022		17.13981314438893
C	18.51414448880113		8.969362985322883		18.517458383296606
C	17.40360596493622		7.612117857009036		16.69689390402643
H	18.535176583157284		9.42377615944031		16.39535142623824
H	16.97154856781737		9.674709230498056		17.16889387691156
C	16.694795432303263		7.651276610982049		15.352377661277439
H	16.730586875628216		7.176959563887964		17.44485600537581
H	18.277270371147594		6.954087666975987		16.623973960770854
H	15.788452298433512		8.262853079798308		15.405453747958694
H	17.345554227576045		8.067386787567056		14.576683112039458
H	19.355851538081623		8.267256685117525		18.490148908686624
H	17.800571451733667		8.574040466338376		19.250354127419914
H	16.404911947719565		6.6409593177536035		15.047201656209609
C	13.666584398735367		22.956048287994875		9.119267464118222
C	13.568652084568587		23.58042876311156		10.51562818325028
C	12.756658025919528		23.677626551650764		8.123749546462513
H	13.389083784407273		21.894728618146615		9.160474366946634
H	14.704273991196064		22.998988161560266		8.764048484533879
C	12.885411448336608		23.093235143852084		6.726044661693569
H	13.008584011468896		24.744048428099575		8.091463033235213
H	11.713498943850958		23.599977099227885		8.451469298440152
H	13.907870268227494		23.199969774907245		6.349897875636778
H	12.625558014531688		22.029862310888745		6.718893895628565
H	12.522025913949612		23.57370969723104		10.842275292726477
H	13.87162460205612		24.632788092169207		10.457748642887504
H	12.21381028109031		23.61213483974321		6.034957952620453
C	16.194398199407647		14.694853254383059		12.454288911578645
C	17.648108403315334		14.895479668803734		12.01186303225944
C	15.415233572385269		13.85908705731266		11.437384556817806
H	15.700464727368349		15.6673093719497		12.578638684422907
H	16.168074527178433		14.198320624586817		13.432852378262334
C	13.985465091900302		13.616312161408526		11.89399396137541
H	15.912625871996783		12.893867187642618		11.286665469833723
H	15.401355652243225		14.372199708999158		10.468811712984271
H	13.964795793504763		13.061015858228238		12.837137386458862
H	13.4532643566749		14.5617461652569		12.039780257688799
H	17.663128555586194		15.350494723179505		11.014413526611571
H	18.13017935747743		13.915174770052548		11.91588154634848
H	13.442254620907677		13.032289613384812		11.144496857108917
C	10.598883284819973		14.694427285507752		18.22560886516437
C	12.007208630399756		14.898232138976814		17.656093038781965
C	9.733614622475178		13.85926418769219		17.2803523598119
H	10.116544111348862		15.665848049171828		18.395298767803006
H	10.660387637876841		14.196055039923065		19.20165515806545
C	8.350458605643247		13.613323882039644		17.8617837877182
H	10.217043990252062		12.895133737473271		17.08410440178047
H	9.632931971065673		14.374132614938745		16.31786389228109
H	8.414531552061362		13.056262433053154		18.801931608058368
H	7.8319489686148245		14.557620937696782		18.056173986508977
H	11.932826975290883		15.355103243110491		16.662158441038763
H	12.480265819620694		13.918891179398916		17.515698147067823
H	7.743616547101986		13.029796302631768		17.162395382212512
C	9.338951197082164		16.342869132816233		26.51518437279715
C	10.863120965160176		16.21380701492017		26.61272647448256
C	8.638713479002776		15.412326132674583		27.506876856365693
H	9.004774515384739		16.10490930338923		25.49694810041791
H	9.039620905983185		17.380232844467386		26.71292651064325
C	7.127702225725253		15.570703842565575		27.448300413332902
H	8.982557509518594		15.624488698673659		28.525956376308727
H	8.900126047298315		14.370947050827318		27.285961440814674
H	6.830571985160881		16.590587337379674		27.712595705852348
H	6.747783053813862		15.350729345194061		26.445499652603075
H	11.148042391034574		15.166324377781262		26.458552134950274
H	11.179020949704466		16.477649274776187		27.629189462829398
H	6.647100419026073		14.884148534971862		28.152267440055308
C	12.704864239093638		11.687460536707249		18.993073441607052
C	12.098748419534608		12.114468373937848		20.334547591199183
C	11.755023192853132		10.769122939602916		18.22225883126201
H	13.657382965369003		11.16731567095809		19.158183817203337
H	12.928823551432874		12.574388481668818		18.386422723843705
C	12.330571689069767		10.38074561099416		16.869640376070194
H	10.791041580547317		11.269030795671702		18.07193808659585
H	11.562700669333317		9.861144817700765		18.805524054718727
H	12.488649781709832		11.264467569788575		16.243263859371304
H	13.288916128520455		9.86411546912519		16.983684026864072
H	11.83704416874372		11.221169674471797		20.913942223250814
H	11.161266833520479		12.651776764094913		20.14738318552531
H	11.643409466245384		9.710634351508732		16.34365098346431
C	25.875840616694045		12.95667975380883		12.169348605593092
C	26.545752013210077		13.48990885636962		13.440627653953504
C	26.85968411236728		12.149876785065059		11.320338555860047
H	25.481177450406864		13.78976481619661		11.573266140322952
H	25.01938797627247		12.324415202857356		12.436845257581574
C	26.18850511835836		11.578110780431112		10.081681177830873
H	27.279090775065217		11.328379842709637		11.912795781898577
H	27.695689231991462		12.789213940491786		11.013819412162594
H	25.37812386725712		10.895105829851879		10.35570159650045
H	25.770785604834806		12.37459684104389		9.457616208720138
H	27.425886219291478		14.082542848969059		13.164369529908052
H	26.912236347060897		12.642767417185317		14.03277895223686
H	26.913730041372506		11.020335763520158		9.480980167968971
C	7.87975923051822		23.100662226826415		18.908949956239372
C	8.952454777141835		24.184493332582967		18.754355738209107
C	6.580906184278865		23.68158050296539		19.47038725427226
H	8.239594092199622		22.306402393615215		19.57586391700646
H	7.680730433355006		22.63225363695431		17.93642490394828
C	5.497709766541135		22.620400584304114		19.58107784569812
H	6.224037960818105		24.49272531752863		18.825054858842496
H	6.765383493865366		24.11210640933057		20.461460465491374
H	5.25540629874482		22.20447097377069		18.597923578517534
H	5.815752329346463		21.8002320342664		20.232621551195493
H	9.111352029322896		24.676666478645192		19.721147897126688
H	8.583740121428987		24.95574866211651		18.067466180617302
H	4.584325652829052		23.053499534694673		20.00067362938641
C	23.468315513499853		9.186859141858088		13.72515354869428
C	23.391939168525475		10.656477471746859		13.296605310822166
C	23.961967040752768		8.300109085191302		12.580741199257979
H	22.48065039875524		8.838085458581094		14.053754492652015
H	24.1430939485082		9.084180475913985		14.584778584222928
C	24.085460390773537		6.848017239022738		13.014155976338111
H	24.937794367071685		8.65348204640987		12.22767842978364
H	23.267405511718177		8.365356290019479		11.735201354870238
H	24.8108431417104		6.74261399985621		13.827181650174108
H	23.122847704110267		6.457366060303743		13.359272180594562
H	22.751970545260754		10.742063201111668		12.410442196510951
H	24.39124061116028		10.992238107347553		12.994506043479436
H	24.422751235044938		6.229807061565847		12.176327279909415
C	31.06784395914879		19.816832263786456		24.713902379052122
C	31.053777345342827		21.257160559097056		24.189954379815845
C	32.47449345746801		19.39619486031274		25.142969369832322
H	30.704908092946077		19.129896909293816		23.93833715473391
H	30.38226575433237		19.72380484090473		25.566048182405446
C	32.486139018375425		17.98481008804149		25.708236662103854
H	32.857577170639374		20.08948665511216		25.900833536861377
H	33.15416002581205		19.445473447742412		24.284345167694756
H	31.853124681282505		17.914582567621967		26.598552150518234
H	32.12295640771327		17.26253789771943		24.97015943254045
H	31.774516675462298		21.350480873463116		23.36898181148877
H	31.396942396590614		21.92940053962863		24.985525684713785
H	33.50370606264314		17.698607439209407		25.992052123137533
C	8.605406122716555		21.05797567167807		22.909145630688023
C	8.971318493483338		21.48927277446474		21.484590991564744
C	7.270194617537952		21.662798091877235		23.34629228269752
H	9.390792572338984		21.368314956626655		23.61054544132891
H	8.546350865762845		19.963256652238655		22.96324546066686
C	6.878605404451495		21.20017495764346		24.74067653033733
H	6.481655146327059		21.379297636860088		22.639470003728107
H	7.337806987709472		22.756842301415546		23.335978273996517
H	6.755023338199586		20.11295444598283		24.77197759142648
H	7.639006090484085		21.481214871136086		25.476301493280555
H	8.983385874956705		22.584282777449786		21.430026418194576
H	8.187232955929975		21.150336730966757		20.796888459056984
H	5.9305290155720325		21.658105835130883		25.039601828686056
C	27.418188778887497		19.831688459744562		10.654629104959572
C	27.89394891929577		19.67109825227907		12.10277552292458
C	28.347564934028938		20.75441596134246		9.864356342586088
H	26.399564298463964		20.240519676976486		10.63551771833912
H	27.375111388692527		18.849881907553513		10.16572801166082
C	27.907726010098617		20.879551465898253		8.414338227976694
H	29.37331235013038		20.36894240660759		9.896248609066793
H	28.36004002178317		21.74963933532847		10.323687760907791
H	27.931704678018832		19.90684512938538		7.912772548436631
H	26.89023189526587		21.277325103399185		8.3449222212491
H	27.976951415655		20.66043395516346		12.568066048936432
H	28.902499930853992		19.240488617167		12.101118950096463
H	28.575419042207535		21.556980420348548		7.872875497730583
C	28.151048358291916		10.691387437243469		19.10262293697135
C	27.880531874482887		12.090079506846548		19.668084076411596
C	29.071499262851066		9.888960797397194		20.02380627315436
H	28.610934115544257		10.768888757498779		18.10884093017352
H	27.203610580877605		10.152631468231359		18.972516402615646
C	29.3049769067121		8.483821833312668		19.49207101230685
H	28.633778554428613		9.824980858921649		21.0268376229091
H	30.035616595458688		10.401234687877283		20.122110768971993
H	28.36400038593869		7.928117694935334		19.428377822376707
H	29.756787559646707		8.510528020514103		18.49533100816336
H	28.834881257317498		12.60286010207421		19.836735010714275
H	27.400680882630773		11.991404948817497		20.64921042006786
H	29.979155036831102		7.934330417041274		20.156487217718265
C	31.45517741224629		22.85850241308261		19.03763173275445
C	31.034054235787764		21.481310085486296		18.512978002319485
C	32.82863825847063		23.261511680624007		18.49829329256641
H	31.48465321916359		22.85110240386423		20.1349832981473
H	30.712003526201357		23.61157053259762		18.74539034456481
C	33.23071306315367		24.647458362707116		18.97699711755835
H	32.81853851817764		23.249347471261842		17.402157002246355
H	33.58246300682709		22.535533211536684		18.824351653886808
H	32.52194611001339		25.403899348488455		18.625219964141042
H	33.265883198784536		24.691096126345602		20.070247102486018
H	31.804449119981996		20.744959752318668		18.77075645419488
H	30.988034660141302		21.515699635362118		17.41785147879964
H	34.22246656906668		24.907743715623866		18.594136333112807
C	11.785031124340213		27.3399186282697		21.06297211283372
C	12.10947905181116		27.896973611420425		19.67240091296413
C	10.932100385876552		28.321269748882397		21.868674447667146
H	12.712781275729213		27.13111178795841		21.611409348474133
H	11.251833548163962		26.385325370124345		20.96665958632128
C	10.566901331424479		27.754002157792943		23.23121135980086
H	10.012800109230163		28.556305219523978		21.3196661885324
H	11.478460729732786		29.261726725400322		22.00520866967782
H	9.976882224578027		26.837713938127884		23.128283829182696
H	11.464080714515172		27.521735426591952		23.81384163925277
H	12.601165640899868		28.871199747204752		19.778690872344335
H	11.17196959880609		28.076863707574653		19.132661972519994
H	9.972426004419171		28.478581561527154		23.796445501521006
C	28.692148362635354		24.513540848150704		27.616066148369924
C	29.33970583499985		23.548598493535465		26.616656049334246
C	29.726041794751506		25.078211152328947		28.5917243556876
H	27.904154320575195		23.998651009754603		28.180918239978098
H	28.208657640237625		25.338646611358097		27.077307160159737
C	29.098236557442014		26.072739535257263		29.555282130684386
H	30.53132857405828		25.574612000421748		28.037771162009225
H	30.18085519394397		24.261148481348485		29.163706791961012
H	28.676964263119174		26.927316062507778		29.016274396409244
H	28.297913510521404		25.60479937117158		30.13739186759245
H	29.858000796929343		22.75341380249036		27.165492510009017
H	30.106786305145707		24.08688002202461		26.047056985598886
H	29.85114117156463		26.450209824687978		30.25425043063079
C	21.67479371710554		8.877150744896788		22.999577841534663
C	21.482437866586373		8.968308363534195		21.481699556185205
C	22.148906715506026		7.483802840663754		23.41610587350504
H	20.73269446132827		9.108094573200727		23.513599224195183
H	22.407047343834854		9.626070579509934		23.32782737156446
C	22.387437493730136		7.4012673852482305		24.91542594361654
H	23.077402432295226		7.231823602126239		22.89059002507593
H	21.400105381260254		6.736387164488802		23.1292663493113
H	23.167351499284734		8.103439929968687		25.226855848861007
H	21.473877564086262		7.632780121484364		25.47233422180024
H	20.78424055234902		8.187334415792167		21.158017575933027
H	22.43857974916727		8.75751330488362		20.987775788157023
H	22.708630378474933		6.392491904967158		25.193118260530433
C	11.027078492786313		21.57307415112761		25.977432990527653
C	12.016936684638665		22.35525021124786		25.1070041624219
C	10.176857644571866		22.513784519977087		26.832936134940688
H	11.568352905437829		20.877668505971872		26.632060396228248
H	10.371666325187551		20.96455214523815		25.34106838952304
C	9.160262599925671		21.74632465459844		27.663122605821652
H	9.649459433289582		23.22919946160477		26.19122176878383
H	10.823949165141103		23.09294864597664		27.501854682271055
H	8.466628880518204		21.194725251880005		27.02054102600347
H	9.65500462613576		21.03160556894338		28.328512475373287
H	12.636352802531459		22.993607371504012		25.748092011194846
H	11.456651512391216		23.026352719016728		24.444958473042394
H	8.575766259609606		22.436501859429526		28.27950342624736
C	16.230295823959302		9.232828867257883		26.083561869206616
C	16.358868515681024		10.681041523998767		26.568756817241876
C	15.52812096773713		8.359201183179792		27.124437586956688
H	17.223735345705137		8.81651719447449		25.871744615098986
H	15.667035261058476		9.20416350058159		25.141893200547642
C	15.354887005334792		6.932240558565864		26.62901546767677
H	14.543552446781451		8.778573035706515		27.362170244686865
H	16.110002823682624		8.349368800824031		28.053376429819146
H	14.735341602647221		6.903645705910273		25.726991879897433
H	16.322601703674987		6.476546390506659		26.396189759875465
H	16.88300234037758		10.694723415152634		27.53170352431523
H	15.356399785637176		11.085941928046335		26.752372320635235
H	14.866955807590081		6.321658924567421		27.395187169184467
C	16.470196044211757		27.968927641529895		10.779417140186187
C	16.19713040249769		26.462159063255015		10.713473371422385
C	15.588651104955865		28.736293555770374		9.792641992224809
H	17.525696509607606		28.171017565069302		10.555402694774763
H	16.28591948323182		28.336626160939893		11.797092920775027
C	15.820830999800787		30.235890577045716		9.88735723076606
H	14.531752594540338		28.52352408879073		9.991285976031621
H	15.800479729206778		28.40333276738554		8.769961059017332
H	15.570610208736746		30.608348841244542		10.88583863852951
H	16.865980858943878		30.48598705473586		9.678910004398912
H	16.340070648352388		26.11336179979285		9.68387229522039
H	15.144961105113058		26.27918601039251		10.96259819268133
H	15.19369777297034		30.763078299455586		9.161628023109703
C	9.676354496346331		12.726033007844865		23.105744343467983
C	10.861306927737484		13.4022260143679		23.80425399055207
C	8.978127004410815		11.731837939524501		24.0351267483654
H	10.019413739333261		12.200638310218721		22.204980884557948
H	8.956192206900532		13.485509827156784		22.775009881568348
C	7.772787938354151		11.093099905833276		23.363679679450872
H	8.651797768436246		12.240343504406926		24.94983766441039
H	9.681986507441962		10.946259274214402		24.333553463661385
H	7.027254040637155		11.848928687124076		23.096841179178945
H	8.065741590785011		10.5621778317713		22.452286991746416
H	11.55203285750847		12.633468170460231		24.17042183235749
H	10.49525628072588		13.940086144609728		24.68704272468874
H	7.299666241800372		10.373612774398337		24.0392535019526
C	28.35982804309636		24.520610065507597		16.280885909104885
C	27.99294681221769		25.104767259257663		17.64961652877371
C	29.255118408387762		25.477037206218892		15.491329448028663
H	27.44976591879408		24.31528469209252		15.70232522746261
H	28.875746151114633		23.560657933027894		16.411822747567253
C	29.661558945213287		24.882583728259295		14.152262288112208
H	30.157083926568227		25.70870812977244		16.06973374166184
H	28.727309677758143		26.42237138937019		15.319947506632234
H	30.23455222415288		23.960273972652473		14.291273588021747
H	28.78295705379278		24.65283093294816		13.541026579208488
H	27.519145644563345		26.083626449439247		17.509913413824776
H	28.912671373280432		25.28090831853622		18.220303486758706
H	30.28626051522247		25.5897220118321		13.59763695688962
C	18.2602081249131		11.617997012178684		13.546773442641765
C	17.646681115222467		12.013999177690483		14.894375708553348
C	17.349110417046514		10.654852131583219		12.783916952466186
H	19.23852014271566		11.144906129892249		13.702319751889275
H	18.434818774663018		12.515206312055458		12.93903119488492
C	17.930115282010426		10.295948090395507		11.425502088623997
H	16.36047834133123		11.107160388723399		12.643244996875502
H	17.206904351191696		9.738178948311003		13.367953127461943
H	18.0388962263159		11.186749159825375		10.798652118249414
H	18.91359069718312		9.826685889357854		11.529933007552218
H	17.434425510102134		11.108600365141566		15.475211631452416
H	16.68234036464463		12.504982279248978		14.716653859139793
H	17.271561995343482		9.59340710174236		10.905262153995348
C	21.860793947816827		19.59762332511928		32.051697569643444
C	21.48980702170304		18.516469597063633		31.030551012696787
C	22.32200420630499		18.9787000384612		33.37227175597212
H	20.9987288399457		20.25091971795159		32.23918520737839
H	22.658761229278866		20.23368860181812		31.64735461126021
C	22.73689967814337		20.045515153817124		34.37298997969753
H	23.16828628823569		18.30495512444032		33.194397732196784
H	21.512713915195715		18.377286249339043		33.80234293934761
H	23.578095416541807		20.633403610036172		33.992099421604145
H	21.90836345461582		20.728554044567332		34.58588037972871
H	20.724798724952304		17.85952942327329		31.461087579044936
H	22.369096312479552		17.889594467618814		30.83955242576672
H	23.046038601801413		19.58180985800444		35.314964706648745
C	13.882905733022428		15.754049037457673		30.515362896625668
C	13.396455133968205		16.205093498165517		29.13362859403904
C	12.811795187885995		14.938766910075529		31.241816179203962
H	14.149195985046253		16.627313165170712		31.12495563471124
H	14.793789881166594		15.150573881390628		30.41080740337192
C	13.305981108779848		14.447999300221769		32.59333278469156
H	12.520074248940302		14.07610613853479		30.63150476138075
H	11.914834049190057		15.551789576767634		31.387673882432104
H	14.174314004999204		13.791547266307028		32.47770652032007
H	13.592133467185542		15.286891297990984		33.23576080887609
H	12.462354210222385		16.768300788066096		29.245086361197956
H	13.157920559149645		15.31922047224219		28.532851777277962
H	12.518880922231464		13.882895149825224		33.10228902764384
C	20.761725996327016		32.268615200622854		19.060672446096785
C	21.487264570202875		31.03269938985345		18.517192124182188
C	21.381915565978407		33.55831920389113		18.520556161812195
H	20.803217159340498		32.278232602423344		20.157618219767663
H	19.700316778060355		32.22915149565824		18.783766083098353
C	20.63639549301133		34.78636531178911		19.018323460737903
H	21.367951661888206		33.5498195871907		17.42442774524847
H	22.430994926683837		33.623688794906165		18.8316346974144
H	19.594810377855843		34.77497942760837		18.681765094287226
H	20.6439707755465		34.83461678358896		20.111918967753024
H	22.55416761902408		31.103763960864995		18.759756614911893
H	21.414721958819655		31.02903877206722		17.42296787184123
H	21.10701003749986		35.69688944786974		18.634430754594007
C	24.848560653847535		27.177598558930544		29.041704039730806
C	23.58527814695016		26.43125175927111		29.484816594512537
C	25.4230878469279		28.02107911969869		30.181070603623855
H	24.621741136936837		27.828741687504987		28.187497054124456
H	25.60524331559645		26.459244528364586		28.700789266395567
C	26.703198068231767		28.726234333869265		29.761852699138107
H	25.631537814327093		27.385007437729232		31.049244645039412
H	24.686643029093457		28.76948654931106		30.495945012532868
H	27.476971697295635		28.002188335588443		29.487385054708277
H	26.527422054907735		29.383472830038603		28.90425309868754
H	22.85331186969989		27.153374201905677		29.86551906076652
H	23.837184453093776		25.7698699111761		30.32250377296014
H	27.086679349911876		29.336784016119715		30.585307041409038
C	25.51744272107318		24.62273905417548		13.491092537043581
C	25.12810493430465		25.193205101743963		14.859394239946042
C	26.33609140013196		25.630445230926345		12.682365314481196
H	24.616586714965354		24.350778120581246		12.925760998689304
H	26.09898375411899		23.701279699658716		13.623556612768148
C	26.765949639243054		25.05266617998295		11.343312302551027
H	27.227076502172416		25.928138579103752		13.247421911728658
H	25.743197802790576		26.536141463538264		12.509732582173068
H	27.401966266512414		24.172710523996308		11.482817205095811
H	25.897748651479695		24.758170799538817		10.745118155017142
H	24.58718942323862		26.136306229265603		14.717477031138978
H	26.040490808229208		25.43663396630913		15.416975579267428
H	27.33442378154074		25.79545759145885		10.774977955290051
C	27.218950803620896		19.75290854955371		29.139919774146048
C	27.898752897191187		20.32663698404619		27.89173318119119
C	28.1765609029295		18.862479041781924		29.93352881409674
H	26.3348182776432		19.168888070406922		28.852981108495264
H	26.8645636575945		20.570960805403697		29.780251175788987
C	27.522658652473574		18.328863821548396		31.198177520174358
H	29.075165013247855		19.428432667040394		30.205506546045065
H	28.499409903578456		18.019149581343207		29.31209942330796
H	27.23220902983864		19.147758568055668		31.864023700124363
H	26.627990132598086		17.74408565778891		30.961662275139524
H	28.28878985919191		19.503385035696247		27.281571547842066
H	28.76451099673603		20.924836723174323		28.200314661807802
H	28.21870845028249		17.681312640989518		31.74048555923239
C	13.307994261666847		10.907591381183401		25.15347246573552
C	13.42989607328219		10.682227636372426		23.642308641178538
C	12.301099699015356		9.940974596593408		25.779182023239443
H	12.994007748107657		11.939688057947066		25.356679159809175
H	14.287754502412334		10.774471910149884		25.63009928368233
C	12.21120985294669		10.127584149497913		27.28542449925004
H	12.591223662536512		8.906270866335232		25.56243097691996
H	11.310666349818991		10.100088102950084		25.337214584739097
H	13.175724537572592		9.927332759357208		27.762825304012363
H	11.907939411343651		11.148693989952323		27.537810028504538
H	12.438895407350493		10.772732968820593		23.18198670392008
H	13.766412064074743		9.65436394747404		23.46104703469468
H	11.473473776423043		9.43909229266584		27.709252655666553
C	16.571695938088343		20.065729371372328		8.371097616611358
C	15.806647083372521		21.261089670445962		8.949957685277871
C	15.968607222019251		19.6126748089655		7.0404125738861865
H	16.55503103050698		19.228069745026165		9.080430170950233
H	17.62548036335039		20.334586725675674		8.22251042129448
C	16.7524264739625		18.457676364838953		6.437689021543669
H	15.957802067532553		20.448115909954314		6.330704073785534
H	14.92849293118141		19.301432595040257		7.191743635026348
H	17.785688660759497		18.75271178068148		6.228825235228009
H	16.770450934861678		17.598396396872083		7.115663783507674
H	14.74730979968738		20.997410456580475		9.052171248809662
H	15.854542313696667		22.093781712833213		8.237965722923558
H	16.293843811805303		18.138733993576942		5.496475141767886
C	17.163652669880598		31.474048828895192		20.923934145537544
C	18.5207200089529		31.032883902196584		21.48340417911774
C	16.716874938283887		32.80299587558191		21.535478522138263
H	16.404520866993767		30.707783223779536		21.128041885867322
H	17.225998180365405		31.576018355347095		19.8328157745541
C	15.394024126574024		33.2696968930207		20.949026822097963
H	17.478723526868666		33.57118325989754		21.35873121565332
H	16.610758696725842		32.69434521285518		22.621086610062555
H	15.480693430561576		33.43485591111072		19.87036484771032
H	14.604872152415089		32.53090421852157		21.12154136695573
H	18.46058667766717		30.97779795847639		22.576802250395048
H	19.2691641303113		31.799489576919193		21.24941768017571
H	15.08522791931031		34.21178415655465		21.412731848991857
C	29.36700979774153		14.605562495379871		21.73000150892652
C	27.992617512443715		14.892703990769602		22.344705162355712
C	30.23614481349243		13.776459807563734		22.67704436769889
H	29.880613947534425		15.547646658819644		21.498069950678175
H	29.245452608068426		14.068494330002352		20.780472319340017
C	31.583226221934773		13.447800534275071		22.053326108137437
H	29.72283708054111		12.842846219887607		22.93520241986633
H	30.396921065113546		14.327764332609341		23.610759988955653
H	31.458221944939737		12.853808933640202		21.142365827110773
H	32.130835525537556		14.360225042267853		21.796533798630705
H	28.126098290195337		15.388579111967868		23.31344690665469
H	27.486757354596335		13.94105849864141		22.547384473126982
H	32.1943667366321		12.870094504019546		22.753803713491017
C	24.320990434750072		30.55598097667441		25.747668659927818
C	23.821365730314028		29.287333999936962		26.44779363229499
C	25.14480461508182		31.42642550978194		26.698117832670654
H	23.470406135629272		31.137575847817708		25.369042462539166
H	24.932352940660696		30.28483295618634		24.877301677642713
C	25.68329350068586		32.66287478435595		25.99605471749772
H	25.984449421328954		30.84863739726588		27.101754099719763
H	24.52535179792448		31.73625191316784		27.547762670753478
H	26.346726000021903		32.38635977389943		25.1704049780095
H	24.868327019128937		33.27256995373501		25.593018544462875
H	23.25017004653173		29.567989404289452		27.340619402440662
H	24.68517349806029		28.70947212327278		26.797814112952008
H	26.25391738629154		33.278962151342114		26.698002435719197
C	32.22859477910213		19.45401462826316		21.249057455640617
C	31.037012567746547		18.51665059137092		21.47432500705895
C	33.51408680526609		18.868104529339067		21.835501592406985
H	32.03233235034695		20.430833821986166		21.709936358643837
H	32.36456434112089		19.631899036796188		20.17449081652265
C	34.70868595367685		19.771308235097184		21.573155167386396
H	33.70808001094424		17.880924695757777		21.40006232910942
H	33.39858790816359		18.729306601230263		22.916707254490206
H	34.880671763209556		19.890519453412853		20.498673761662186
H	34.55470565484124		20.763610674306673		22.009002226696648
H	30.937536387286382		18.309270326804008		22.546364062499197
H	31.242213326638883		17.555688167089343		20.987450883009537
H	35.612886035160045		19.341957339111048		22.015858095388563
C	22.686219863900366		27.4628314934576		13.492806900466206
C	22.353640460836857		27.987976567673165		14.893834582378682
C	23.503531985637984		28.48235698616209		12.697655478228647
H	21.761860513157394		27.234118835316515		12.946588672923337
H	23.2490474310591		26.523716323631824		13.570985375440337
C	23.877333147564038		27.94782392240217		11.324259395050106
H	24.41864465260144		28.737013817457854		13.244906284292409
H	22.927727288980925		29.407563894945696		12.5791157336416
H	24.49582120342057		27.048636713733888		11.409321801729883
H	22.98403288883683		27.697137001231017		10.743305491791311
H	21.83163815386306		28.94814520341198		14.805745970983676
H	23.28858632301268		28.188225043994954		15.43084419824334
H	24.445714429568604		28.69904305187346		10.767017616749841
C	31.855412147200212		14.958076874301783		17.76828417361887
C	31.051426373091534		15.817950212362035		18.74985928094586
C	33.20966341610207		14.561468077668847		18.358540119807547
H	32.01525248551889		15.505905706710415		16.83050025499584
H	31.287927498686372		14.053467834844943		17.514379258475238
C	33.9918672291541		13.66864357053737		17.408439440662278
H	33.0638577653086		14.03403101640042		19.308443061321686
H	33.798094470728685		15.46102700375475		18.573373022897798
H	33.45108312732603		12.737350175807496		17.212108361506388
H	34.16910435390612		14.171548009891374		16.452400294555975
H	31.644987663664487		16.695574394459587		19.03204824304568
H	30.882501016367172		15.245479886244679		19.669829114457066
H	34.96307678092272		13.4118467158046		17.84285081672505
C	23.632535627226975		11.493275155097617		24.440761754318984
C	22.35188495172223		12.011876372473788		25.104276334765558
C	24.435970172585918		10.611935338362166		25.39858750969445
H	24.255942736161135		12.33586098476584		24.114392733772203
H	23.37916139797553		10.91878899028978		23.54043337372909
C	25.683329171094663		10.055624480279567		24.730543002031474
H	23.81565655006665		9.779366569451524		25.750446848708833
H	24.729094563513886		11.193889627051167		26.28007366450324
H	25.421081246501252		9.427891174562323		23.872943067656625
H	26.334706131718946		10.862477454920603		24.37978232167978
H	22.61254867242089		12.545219657417931		26.026105595592377
H	21.73299319605079		11.15685824055698		25.401798659735327
H	26.251149980810084		9.443352531512776		25.438079891887718
C	28.466107469853977		27.325649287879223		24.870075446403156
C	29.23025206409492		26.459342638209915		23.862672447781907
C	29.425058891565467		28.113602805099212		25.764076869443496
H	27.821569411439707		26.695567974896296		25.496711123399983
H	27.806677093720207		28.02270864444058		24.337080250400092
C	28.67274175952798		29.01118705953815		26.733628902717726
H	30.09064237546865		28.729228137936488		25.147823013289802
H	30.05663447826813		27.420413263403237		26.33171326835085
H	28.068706926725163		29.748831018996864		26.195740406526426
H	28.008140257422557		28.425573556600764		27.376822801146982
H	29.918671089796668		25.79858841984725		24.402721453861723
H	29.84959570828798		27.108263286048864		23.231865038023635
H	29.376850108313523		29.551414232839182		27.374169218465042
C	32.2364449827888		18.59923249549954		16.397933152112678
C	30.90387892247808		19.019077264214342		15.767645091864997
C	33.40914804238183		19.355935323030163		15.771941551747068
H	32.39118902475271		17.520106997398976		16.268911904924952
H	32.21350396762121		18.789361027971207		17.478742523585396
C	34.72879028518592		18.97869166715597		16.42608318878728
H	33.254237661074896		20.436428983400134		15.873435213439013
H	33.4629354771802		19.134716769742017		14.699663692543162
H	34.72463079611768		19.233064564164657		17.49077932028119
H	34.92302250787036		17.90570672857807		16.3295747038958
H	30.953206650759775		18.867626211182767		14.682841342443844
H	30.75695491288199		20.094054861142798		15.927141319112318
H	35.55472146885425		19.51786785471891		15.951707198343685
C	17.67537839587665		24.43610849375117		7.89105708741787
C	18.754133311023722		24.18219528518445		8.949868160915585
C	18.286582452271393		24.962097714039714		6.591264003697672
H	16.942060955129666		25.161717053090435		8.266346030913272
H	17.12703674886221		23.50721037565465		7.687848399497707
C	17.22670558769404		25.17052030053175		5.52126831979346
H	19.038521459094348		24.25658859656997		6.218961230561119
H	18.79853280241613		25.91272639365869		6.780532321893189
H	16.729343253060055		24.22720932511054		5.274092600441167
H	16.465874282081785		25.88336953667579		5.854912461551123
H	19.32527024967768		25.103869089439065		9.112625086592516
H	19.46279970979819		23.438650012792444		8.56576542966843
H	17.683042829024323		25.56309882074539		4.607187202308841
C	27.96462401104728		16.34554770997894		10.874545253564971
C	26.449112711810393		16.18499581181139		10.711102408263882
C	28.72628811150172		15.39905463614608		9.945182150055178
H	28.255188388712604		16.144507092249146		11.913900367977165
H	28.254736153200852		17.381968446307194		10.658927423170839
C	30.229958805597214		15.587489714885463		10.068212109897736
H	28.426556187012864		15.574107151409384		8.905334983380094
H	28.47303943255109		14.360027653091677		10.185803385391194
H	30.52127177573995		16.604407013565638		9.786579928548317
H	30.566614090365064		15.404820821918559		11.093703220137177
H	26.175593188939636		15.137428772700893		10.884192529812811
H	26.17626989645906		16.412299323395835		9.673560863682393
H	30.754637449284786		14.889318649933372		9.408533895446302
C	25.5050353023244		18.119256062166556		8.457634309904172
C	24.19306322576334		18.74148610733349		8.948372544623671
C	25.89077604462517		18.654261402565005		7.077536311798823
H	25.409226052759475		17.026754309370165		8.409007678984251
H	26.309898673387792		18.335569161720496		9.171936517223902
C	27.215928577494264		18.076736535215588		6.606255611553559
H	25.966179184093413		19.747500739486014		7.107650402634217
H	25.109751809588374		18.402340203877397		6.35079880916325
H	28.027416234397243		18.352852510997284		7.287099554841764
H	27.171032754962678		16.984431825670892		6.54976216922891
H	23.40642866217058		18.55878490668346		8.206755287784087
H	24.3162797561068		19.82929780957874		9.01229384082775
H	27.46334636508613		18.458905084478427		5.610947870180327
C	10.883927291059816		23.83119971929236		12.10187137686793
C	10.51673381703885		23.58113084399106		13.568806782413095
C	9.721608060434807		24.470308658447994		11.340129367450928
H	11.1598151559969		22.8863223046803		11.615870760884286
H	11.763050025411777		24.485925222068044		12.044410255571336
C	10.096187451208209		24.76468734062805		9.896279937044225
H	9.421052645864746		25.403640144120196		11.83035739635742
H	8.85418642727279		23.800312883515705		11.357331567758433
H	10.930570344129892		25.471404202503162		9.84473200167297
H	10.387694459112659		23.849475609160983		9.371162927866607
H	9.611685291429236		22.963940595427662		13.614993191346004
H	10.26717877496179		24.53836584873042		14.042120601855915
H	9.24568246166886		25.204715615373928		9.366258954541797
C	10.587520258073484		17.480298936429136		15.439148038113533
C	12.009976409117169		17.654085694248923		14.895381879765598
C	9.725606596034169		16.652936658965462		14.484017879485872
H	10.11965119792739		18.461586227225858		15.591718798349035
H	10.621250912694935		16.989046278452456		16.420146058228585
C	8.32732049948281		16.43667081480312		15.040520155348162
H	10.195207255101927		15.678697656112375		14.304857822489488
H	9.652749130607585		17.161497221755788		13.515685040268899
H	8.363247254895557		15.886395567476633		15.98614542199732
H	7.822328909059702		17.391693483545897		15.217302276020366
H	11.962966201827504		18.10392717968779		13.896581349434973
H	12.467860985458369		16.665289938101473		14.771983288308345
H	7.723571106559756		15.858310394402327		14.334197455473053
C	8.370781674703114		17.3488097654609		19.302325177831964
C	8.969417180860322		18.522072566215456		18.51851722626891
C	7.010469096336382		16.93923225655332		18.735321586807782
H	8.255618036739808		17.62122632665934		20.359505670972034
H	9.05456726833591		16.490834701344966		19.26855984360427
C	6.433466618694887		15.744970247195656		19.478608947120446
H	7.108303837331322		16.68758302533662		17.672840637527987
H	6.310704488627972		17.77994730382112		18.807003152751903
H	7.087491527390173		14.872213265061141		19.384548363231257
H	6.307807868914849		15.967474736175665		20.543051690243562
H	8.25966439734141		19.357786888621217		18.52005950154914
H	9.098076682474492		18.222754210118474		17.47139841765749
H	5.45380011994077		15.480524509608582		19.068453044089804
C	18.010918219351435		20.40786739329372		31.99664273279452
C	18.523692459966405		21.483376440470483		31.032481002895086
C	17.561729279274267		21.02118479773508		33.32395888820802
H	18.79781338773983		19.66667629945186		32.18778612864306
H	17.171102703059006		19.868286448064914		31.540149196541847
C	17.007455771762555		19.964986860896683		34.266771967926886
H	16.79214558649842		21.780814644308148		33.14376961075548
H	18.408464675212436		21.524265470574335		33.80516523654627
H	16.12841971056202		19.476722833037975		33.83411209376677
H	17.757151168043343		19.196597830076556		34.48094907340433
H	19.331750317223328		22.046014278549233		31.51482007811855
H	17.717240421726455		22.20011081803251		30.83619170863938
H	16.708937476414867		20.422620688415158		35.21511998893684
C	20.956124401828916		12.757153145198558		28.417863185493857
C	19.670657217226122		12.106710953046266		27.894638524590444
C	21.729019958883477		11.803258313687557		29.33023056062403
H	20.71628395286718		13.673956646545768		28.971985861766292
H	21.593325678673786		13.053678248610423		27.574731260861743
C	23.029096711763763		12.425633503466337		29.814089285840474
H	21.95370626893044		10.873304514534443		28.79500468940874
H	21.11246174874335		11.538431845115502		30.197025495341844
H	23.689238513139443		12.65725843048685		28.972149014942822
H	22.84006237380078		13.350950828022736		30.367614886284287
H	19.0622891778119		11.773573952310631		28.743801576283204
H	19.932560196497615		11.206834410455286		27.325225157568536
H	23.556389785087223		11.7336907278605		30.478230138229478
C	21.717199850082288		16.631428301609386		7.736683711684145
C	21.24510752727558		15.820442119959086		8.94858107768476
C	21.18639144235521		16.03763166064205		6.430795086125997
H	22.81419599043505		16.656484194544056		7.703885667834014
H	21.37884530656284		17.671458667068286		7.829834601659361
C	21.61185253686479		16.865444072432073		5.228555852801325
H	20.09181694399562		15.98522420363044		6.461206690661629
H	21.557546710879265		15.013100984024078		6.311668249873376
H	21.214518959678102		17.883360800376558		5.2939185937996935
H	22.702641973340334		16.925831636419996		5.158781432065876
H	21.54881576220019		14.774267402331699		8.82428470108338
H	20.148856385760315		15.826778602431784		8.976791513986807
H	21.236477131591688		16.41339956151029		4.3051626933283185
C	30.137382430029078		14.058444080146007		15.2194345533765
C	29.322887340934642		13.431171547159417		16.356268707068953
C	31.084436265455974		13.037533017178083		14.58656272337226
H	30.720670723653917		14.908019231094663		15.597721310758768
H	29.46084086902065		14.455074313974421		14.451450165292018
C	31.86053889329297		13.641249356194534		13.426881301916744
H	30.515532532393518		12.172576867308813		14.226057326726199
H	31.790985026272878		12.670570643185272		15.340046637242793
H	31.183340703495052		13.973807054342215		12.633717564951207
H	32.45359346416589		14.500667275562666		13.75555110313931
H	30.00728333940023		12.99826593668516		17.095433553841442
H	28.73039474598196		12.600547720007052		15.954249891970706
H	32.543522048000554		12.899595838554426		13.000982332843414
C	25.022574892534934		31.862243516387146		22.263299808050476
C	24.198561666724753		31.05013931341504		21.257937216243448
C	25.509535058506362		33.1757502582313		21.649079200461436
H	25.88794854203663		31.27743636270325		22.601283655516976
H	24.417533463162332		32.07684667562904		23.153633677610742
C	26.287135931249487		34.00766543819409		22.656513427722253
H	24.65499630951523		33.75848801159475		21.285836888804887
H	26.150417332955236		32.9656692421004		20.78493429319261
H	25.65797626593823		34.27599099331085		23.511183092865878
H	27.158663581772934		33.46021334438914		23.029437658312936
H	24.795873383369027		30.87995897240027		20.354373612676124
H	23.327619365029012		31.64137604399064		20.950526773130008
H	26.640380432256144		34.93331980270802		22.191445495410346
H	15.935565128427305		18.619771539081732		30.714679740097825
H	15.933910937667036		30.7149894508668		18.617212140261735
H	21.355199240802474		21.35554092026604		9.30106338796628
H	29.04459598569388		16.40186199296788		13.744154589839416
H	21.372874473053034		9.287226469073701		15.938948043827429
H	27.676996028019083		27.672763314065495		20.542879795553045
H	13.691019832731232		26.33511287595564		13.690004818193398
H	22.141510277879377		15.107935602682554		27.755539240752274
H	30.680756619213646		24.133687742430137		21.355560842765495
H	15.927134440321172		9.290711531892002		21.385314932641577
H	24.892408606303327		22.136243844459838		12.239362664142215
H	18.628948368813766		30.714706479223935		15.94097952433487
H	18.644357255033785		18.64692659322596		9.301263187432314
H	17.86951841103667		24.8936382321366		27.75752926117281
H	27.76022574082597		22.13548985759007		15.106025007645483
H	10.787486770639182		26.226324122281888		16.5900437110173
H	15.112915017055741		27.758085497265228		22.13969888642411
H	21.380902342890632		24.059129301910644		30.712890677147527
H	24.895822966075542		17.862309652543953		27.756617060135138
H	15.108428073572778		17.865739652840684		12.240918207884324
H	12.32768025590768		20.54706391043759		12.326773722726735
H	17.866883117008935		27.757491169544874		24.892040781377933
H	20.54351128242322		12.327154976504064		12.325620853885104
H	12.245020059199478		24.89540869258584		22.13563595589844
H	26.242458488625058		29.057668331330046		23.59614415261509
H	23.586954132786325		13.639617266774904		11.06301292955119
H	27.666428408219907		17.764966868487395		24.88478795276352
H	12.335767194365543		19.467315457899865		27.67648499734857
H	19.45650458367776		27.66334182927536		12.315171682334242
H	18.62907273490541		15.942273381875102		30.713606428509333
H	9.289427310033457		18.62944947032609		24.06993057642219
H	24.892199091734977		12.24249024880693		22.13660736799269
H	22.193112603248824		24.89130737085138		12.293593732666565
H	16.542070196602822		13.672229340582389		29.087490063827765
H	15.106016682843427		12.24596083329802		17.863003746766655
H	26.331021506131997		26.33259129903564		26.293913665595515
H	24.075928293983644		21.382959057940884		30.711767119991812
H	15.086855546419036		15.036079731529764		15.078033914026651
H	20.552117295336203		27.67397705451511		27.67373411188053
H	24.915024513305806		15.055457785049665		24.943261291047683
H	9.285046442647348		15.952917112216744		21.37989207216238
H	15.093599039209384		24.967623340459944		24.923798518714854
H	26.3785139455536		23.385861975283785		29.09449607105581
H	9.28839405085209		21.387161883787392		15.931178572684342
H	16.413068539567146		29.060610959883284		13.754850115067699
H	24.89076839861507		27.66611860490537		17.768221500101067
H	26.371723338120002		10.90265324830876		16.60987377952538
H	18.62298817715236		9.288685764569866		24.05981903238183
H	15.11587529390173		22.140391614030747		27.75960067966223
H	24.069008145488148		9.286460023293806		18.613796967729822
H	21.37952355906648		30.713774259897114		24.059315463145712
H	13.66935617176555		13.706147692298094		26.330743610493396
