-2.780504000000000087e+00
-2.755900000000000016e+00
-2.735214000000000034e+00
-2.729779000000000178e+00
-2.723068000000000044e+00
-2.719473999999999947e+00
-2.714545999999999903e+00
-2.576808999999999905e+00
-2.575944999999999929e+00
-2.572890999999999817e+00
-8.554680000000000062e-01
-8.535869999999999846e-01
-8.518639999999999546e-01
-7.090180000000000371e-01
-6.350749999999999451e-01
-6.326030000000000264e-01
-6.205640000000000045e-01
-5.749490000000000434e-01
-5.719199999999999839e-01
-5.706339999999999746e-01
